                   41
                   23
                   45
                   75
                  209
                  159
                   21
                   19
                  249
                  167
                  125
                   91
                  161
                   47
                  101
                   35
                  201
                   55
                  205
                  107
                  113
                  191
                  181
                   51
                  153
                  199
                   29
                  123
                   65
                   79
                    5
                   67
                  105
                   87
                  109
                  139
                   17
                  223
                   85
                   83
                   57
                  231
                  189
                  155
                  225
                  111
                  165
                   99
                    9
                  119
                   13
                  171
                  177
                  255
                  245
                  115
                  217
                    7
                   93
                  187
                  129
                  143
                   69
                  131
                  169
                  151
                  173
                  203
                   81
                   31
                  149
                  147
                  121
                   39
                  253
                  219
                   33
                  175
                  229
                  163
                   73
                  183
                   77
                  235
                  241
                   63
                   53
                  179
                   25
                   71
                  157
                  251
                  193
                  207
                  133
                  195
                  233
                  215
                  237
                   11
                  145
                   95
                  213
                  211
                  185
                  103
                   61
                   27
                   97
                  239
                   37
                  227
                  137
                  247
                  141
                   43
                   49
                  127
                  117
                  243
                   89
                  135
                  221
                   59
                    1
                   15
                  197
                    3
                   41
                   23
                   45
                   75
                  209
                  159
                   21
                   19
                  249
                  167
                  125
                   91
                  161
                   47
                  101
                   35
                  201
                   55
                  205
                  107
                  113
                  191
                  181
                   51
                  153
                  199
                   29
                  123
                   65
                   79
                    5
                   67
                  105
                   87
                  109
                  139
                   17
                  223
                   85
                   83
                   57
                  231
                  189
                  155
                  225
                  111
                  165
                   99
                    9
                  119
                   13
                  171
                  177
                  255
                  245
                  115
                  217
                    7
                   93
                  187
                  129
                  143
                   69
                  131
                  169
                  151
                  173
                  203
                   81
                   31
                  149
                  147
                  121
                   39
                  253
                  219
                   33
                  175
                  229
                  163
                   73
                  183
                   77
                  235
                  241
                   63
                   53
                  179
                   25
                   71
                  157
                  251
                  193
                  207
                  133
                  195
                  233
                  215
                  237
                   11
                  145
                   95
                  213
                  211
                  185
                  103
                   61
                   27
                   97
                  239
                   37
                  227
                  137
                  247
                  141
                   43
                   49
                  127
                  117
                  243
                   89
                  135
                  221
                   59
                    1
                   15
                  197
                    3
